paper_1
692400027
692400243
692400263
692400246
692400575
692400603
692400036
692400074
692300428
692400083
692400201
692400213
692400158
692400745
692400687
692400681
692400486
692400763
692400068
692400454
692400644
692400394
692400210
692400778
paper_2
692400791
692400114
692400349
692400127
692400112
692400585
692400252
692400284
692400281
692400672
692400253
692400361
692400360
692400346
692400435
692400335
692400387
692400352
692400627
692400347
692400723
692400731
692400784
paper_3
692400230
692400282
692400180
692400227
692400266
692400729
692400703
692400730
692400223
692400290
692400291
692400231
692300376
692400278
692400270
692400683
692400353
692400511
692400312
692400326
692400351
692400317
692400206
692400321
paper_4
692400369
692400174
692400012
692400276
692400154
692400380
692400251
692400327
692400273
692400338
692400556
692400393
692400076
692501471
692500619
692400773
692400191
692500681
692400295
paper_5
692400362
692400715
692400611
692400298
692400310
692400308
692400796
692400740
692400325
692400382
692400316
692400303
692400136
692400322
692400307
692400305
692400302
692400345
692400344
692400315
paper_6
692400295
692400282
692400227
692400266
692400180
692400231
692400291
692400230
692400796
692400740
692400113
692400729
692400728
692400688
692400715
692400611
692400362
692400344
692400315
692400278
692400183
692400270
692400316
692400325
692400303
692400136
692400322
692400233
692400290
692400703
692400681
paper_7
692400191
692400642
692400351
692400639
692400317
692400353
692400380
692400483
692400460
692400701
692400744
692400622
692400206
692400392
692400273
692400607
692400598
692400599
692400605
692400773
692400342
paper_8
692400551
692400674
692400677
692400320
692400052
692400667
692400643
692400658
692400792
692400647
692400306
692400645
692400662
692400097
692400586
692400656
692400641
692400669
692400110
692400697
692400760
692400356
692400214
692400205
692400616
692400312
692400045
692400095
paper_9
692400602
692400632
692400358
692400798
692400215
692400630
692400781
692400597
692400780
paper_10
692400251
692400338
692400321
692400327
692400055
692400770
692400276
692400154
692400369
692400174
692400012
692400548
692400587
692500619
692400556
692400520
692400076
692501471
paper_11
692400360
692400287
692400361
692400435
692400739
692400400
692400711
692400726
692400352
692400784
692400347
692400731
692400627
692400746
paper_12
692501135
692400201
692400681
692400763
692400486
692400758
692400750
692400165
692400036
692400074
692400083
692300428
692400210
692400394
692400159
692400263
692400200
692500137
692400019
692400030
692400213
692400346
692500330
692500371
paper_13
692400114
692400335
692400349
692400127
692400068
692400246
692400253
692400243
692400281
692400259
692400585
692400619
692400593
692400284
692400210
692400252
692400394
692400672
692400204
692400644
692400454
692400687
692400589
paper_14
692400052
692400205
692400217
692400218
692400339
692400106
692400658
692400792
692400647
692400645
692400667
692400643
692400662
692400306
692400437
692400757
692400749
692400697
692400798
692400358
692400442
692400741